    1.33878e+02
    9.10242e+01
    3.81668e+01
    8.36991e+01
    1.06490e+02
    1.07451e+02
    6.78796e+01
    9.53693e+01
    1.14074e+02
    1.93828e+02
    7.62258e+01
    9.59299e+01
    1.59234e+02
    1.09169e+02
    6.77552e+01
    8.19587e+01
    1.09350e+02
    8.48507e+01
    1.61921e+02
    1.22257e+02
    1.30583e+02
    9.93979e+01
    1.34273e+02
    1.11987e+02
    9.19806e+01
    1.18387e+02
    9.06660e+01
    5.76651e+01
    8.17425e+01
    6.67220e+01
    1.12424e+02
    1.12308e+02
    1.02329e+02
    1.19932e+02
    6.10641e+01
    8.79029e+01
    9.16479e+01
    8.50841e+01
    6.48950e+01
    1.45043e+02
    1.89623e+02
    5.61593e+01
    1.10689e+02
    1.05632e+02
    9.05208e+01
    1.10989e+02
    7.51072e+01
    5.89010e+01
    6.20736e+01
    1.39663e+02
    1.32508e+02
    1.31192e+02
    1.51495e+02
    8.78332e+01
    7.92418e+01
    8.44316e+01
    1.10415e+02
    1.11128e+02
    1.43199e+02
    3.69089e+01
    7.98523e+01
    8.07804e+01
    1.55222e+02
    1.22157e+02
    1.16650e+02
    1.09852e+02
    9.67428e+01
    1.35723e+02
    1.11019e+02
    9.34302e+01
    7.39834e+01
    1.41482e+02
    1.34041e+02
    1.01272e+02
    1.05569e+02
    1.27920e+02
    1.13708e+02
    9.72870e+01
    9.93218e+01
    6.93883e+01
    1.13217e+02
    1.02505e+02
    8.82762e+01
    1.08780e+02
    1.07018e+02
    1.27100e+02
    8.15928e+01
    8.60162e+01
    1.40985e+02
    1.25123e+02
    6.95105e+01
    1.74673e+02
    4.35407e+01
    1.30968e+02
    8.41680e+01
    6.42096e+01
    6.64421e+01
    7.31092e+01
    9.70787e+01
    1.11402e+02
    1.51389e+02
    1.07829e+02
    5.27525e+01
    1.12799e+02
    1.23533e+02
    1.00950e+02
    1.00958e+02
    7.86127e+01
    9.94855e+01
    6.14013e+01
    1.34992e+02
    9.10739e+01
    1.08198e+02
    1.21634e+02
    8.90615e+01
    6.53727e+01
    9.80104e+01
    8.67402e+01
    6.55723e+01
    1.00080e+02
    1.03691e+02
    1.43139e+02
    8.93731e+01
    9.72061e+01
    6.81372e+01
    6.85693e+01
    1.26610e+02
    1.47343e+02
    1.02639e+02
    1.16895e+02
    1.30328e+02
    1.19183e+02
    7.37555e+01
    9.97411e+01
    8.05988e+01
    9.38450e+01
    9.05264e+01
    9.48329e+01
    9.54652e+01
    8.71747e+01
    1.51102e+02
    8.51636e+01
    7.49848e+01
    1.09996e+02
    7.82057e+01
    6.93170e+01
    9.10556e+01
    1.03287e+02
    9.58908e+01
    1.19205e+02
    7.38777e+01
    1.04101e+02
    9.49051e+01
    5.98724e+01
    6.68956e+01
    7.27620e+01
    1.04047e+02
    9.34766e+01
    8.70911e+01
    5.51515e+01
    1.32444e+02
    1.06073e+02
    8.22411e+01
    7.67396e+01
    1.43327e+02
    7.10829e+01
    9.56609e+01
    1.15547e+02
    1.15272e+02
    1.02705e+02
    1.02192e+02
    1.08260e+02
    1.13821e+02
    7.90431e+01
    8.86560e+01
    8.42427e+01
    7.50794e+01
    1.54197e+02
    7.35108e+01
    1.00913e+02
    8.19444e+01
    1.32338e+02
    5.56778e+01
    5.08699e+01
    1.07961e+02
    1.16036e+02
    1.84713e+02
    8.92552e+01
    1.35433e+02
    1.02059e+02
    6.42118e+01
    1.09537e+02
    1.46562e+02
    7.38231e+01
    7.84297e+01
    1.01072e+02
    9.31752e+01
    9.34951e+01
    7.95030e+01
    1.14264e+02
    9.87385e+01
    1.02373e+02
    8.35524e+01
    7.69917e+01
    1.52666e+02
    8.27144e+01
    9.15558e+01
    5.97720e+01
    1.00198e+02
    1.03494e+02
    1.11911e+02
    1.28041e+02
    8.61438e+01
    5.97431e+01
    9.62570e+01
    1.41208e+02
    8.10402e+01
    1.02529e+02
    7.14968e+01
    1.14240e+02
    1.07786e+02
    1.11867e+02
    6.77819e+01
    6.36831e+01
    9.19906e+01
    8.05781e+01
    1.08026e+02
    1.28311e+02
    1.02666e+02
    5.21421e+01
    9.65699e+01
    1.05760e+02
    1.24453e+02
    1.16692e+02
    1.12844e+02
    8.05782e+01
    8.16133e+01
    1.58919e+02
    8.64072e+01
    9.47981e+01
    1.22822e+02
    1.01203e+02
    1.36241e+02
    1.09427e+02
    7.88411e+01
    7.29588e+01
    7.43873e+01
    1.12736e+02
    6.23065e+01
    7.85506e+01
    7.07816e+01
    1.04570e+02
    1.61928e+02
    1.12872e+02
    8.99063e+01
    5.73110e+01
    8.64659e+01
    1.31295e+02
    1.03479e+02
    9.03436e+01
    8.23502e+01
    7.02233e+01
    1.23214e+02
    6.95516e+01
    5.81624e+01
    1.62737e+02
    6.42035e+01
    8.68117e+01
    1.03167e+02
    1.43544e+02
    9.62283e+01
    1.13670e+02
    8.61600e+01
    1.22299e+02
    1.37423e+02
    9.55829e+01
    5.02579e+01
    1.06062e+02
    6.52516e+01
    7.93566e+01
    8.45465e+01
    1.05509e+02
    1.00078e+02
    3.51358e+01
    9.85559e+01
    1.33225e+02
    9.09807e+01
    1.18394e+02
    8.20475e+01
    1.01352e+02
    6.01599e+01
    1.38013e+02
    1.18186e+02
    6.19079e+01
    8.66585e+01
    5.85475e+01
    1.41201e+02
    1.57553e+02
    9.86960e+01
    5.02397e+01
    5.76032e+01
    9.54028e+01
    7.93149e+01
    1.19026e+02
    1.05859e+02
    9.66867e+01
    8.73053e+01
    9.25587e+01
    4.28088e+01
    1.15332e+02
    8.63440e+01
    8.18737e+01
    8.75669e+01
    9.10740e+01
    9.74358e+01
    1.33117e+02
    1.06679e+02
    5.84521e+01
    7.91419e+01
    1.04349e+02
    1.26720e+02
    7.77846e+01
    8.68474e+01
    1.12323e+02
    8.70924e+01
    1.28727e+02
    9.32027e+01
    1.12897e+02
    1.32784e+02
    1.23414e+02
    8.15261e+01
    6.31568e+01
    1.14175e+02
    7.07408e+01
    1.76545e+02
    1.18079e+02
    8.12440e+01
    1.05174e+02
    9.62628e+01
    1.02528e+02
    9.75868e+01
    9.51119e+01
    1.61544e+02
    7.89159e+01
    6.56728e+01
    1.34660e+02
    9.98000e+01
    8.36528e+01
    9.84815e+01
    8.67531e+01
    1.06888e+02
    7.48573e+01
    7.40031e+01
    9.54133e+01
    1.13650e+02
    1.23031e+02
    1.12928e+02
    7.47730e+01
    1.00031e+02
    1.17756e+02
    1.17395e+02
    1.19080e+02
    9.71850e+01
    1.35374e+02
    8.49203e+01
    1.20101e+02
    9.90786e+01
    7.29235e+01
    1.17320e+02
    8.90670e+01
    6.26314e+01
    1.56087e+02
    1.24892e+02
    1.11589e+02
    9.68614e+01
    8.76072e+01
    8.52631e+01
    8.51092e+01
    9.41174e+01
    8.27564e+01
    8.63187e+01
    1.17342e+02
    5.95332e+01
    1.24344e+02
    1.00246e+02
    8.27487e+01
    7.69740e+01
    9.75980e+01
    1.15464e+02
    1.07821e+02
    8.13661e+01
    1.06660e+02
    1.08384e+02
    1.27380e+02
    1.10713e+02
    1.35479e+02
    1.04677e+02
    1.04828e+02
    1.34503e+02
    9.85834e+01
    9.02468e+01
    8.06467e+01
    9.00221e+01
    8.74514e+01
    9.82557e+01
    1.00967e+02
    1.07435e+02
    1.22900e+02
    1.24578e+02
    1.39253e+02
    1.14399e+02
    1.73508e+02
    4.10537e+01
    9.05084e+01
    9.79495e+01
    8.59364e+01
    8.04148e+01
    1.03984e+02
    1.09743e+02
    1.03888e+02
    8.31235e+01
    7.86735e+01
    6.84206e+01
    9.51430e+01
    8.05330e+01
    1.01805e+02
    1.21352e+02
    1.45989e+02
    1.32238e+02
    1.22258e+02
    8.11008e+01
    6.46188e+01
    1.82803e+02
    1.08990e+02
    1.04986e+02
    7.74226e+01
    1.07628e+02
    8.87197e+01
    9.98244e+01
    1.40684e+02
    1.09414e+02
    9.35126e+01
    1.24444e+02
    1.08848e+02
    1.12012e+02
    6.90261e+01
    6.22427e+01
    6.95391e+01
    1.03745e+02
    1.48456e+02
    1.20686e+02
    1.25981e+02
    1.17918e+02
    9.92270e+01
    1.02930e+02
    1.20568e+02
    7.94813e+01
    9.81750e+01
    1.15322e+02
    1.33561e+02
    1.07438e+02
    4.40282e+01
    8.88807e+01
    1.01153e+02
    1.06921e+02
    9.07672e+01
    8.01770e+01
    9.19749e+01
    1.52948e+02
    1.17099e+02
    7.17499e+01
    1.31955e+02
    8.50538e+01
    1.10387e+02
    7.99463e+01
    1.31192e+02
    9.22108e+01
    5.26830e+01
    2.30702e+01
    7.16132e+01
    7.08534e+01
    1.52601e+02
    9.16810e+01
    1.08320e+02
    1.26518e+02
    1.18904e+02
    1.09916e+02
    1.03663e+02
    1.21697e+02
    1.08150e+02
    8.67948e+01
    1.44429e+02
    1.05159e+02
    1.04964e+02
    1.00684e+02
    9.00115e+01
    1.17377e+02
    8.79980e+01
    1.16435e+02
    4.64581e+01
    1.39459e+02
    1.01257e+02
    1.00159e+02
    1.61849e+02
    1.22351e+02
    1.43522e+02
    1.24511e+02
    1.06740e+02
    6.18465e+01
    1.03538e+02
    7.28323e+01
    1.37735e+02
    1.49772e+02
    7.89150e+01
    1.16025e+02
    7.32417e+01
    9.89669e+01
    1.16148e+02
    1.46149e+02
    9.90091e+01
    1.25965e+02
    8.83256e+01
    8.48611e+01
    9.72630e+01
    9.54213e+01
    1.11281e+02
    6.68469e+01
    1.35408e+02
    7.16952e+01
    8.42209e+01
    5.80393e+01
    8.90324e+01
    1.53682e+02
    1.31404e+02
    9.04908e+01
    9.59530e+01
    8.44091e+01
    1.48777e+02
    1.12777e+02
    1.12696e+02
    9.40480e+01
    1.43279e+02
    1.27209e+02
    9.07684e+01
    1.45100e+02
    1.27569e+02
    1.48110e+02
    9.10649e+01
    1.02592e+02
    8.85987e+01
    6.75618e+01
    7.28778e+01
    7.90168e+01
    8.57239e+01
    1.05161e+02
    1.21198e+02
    7.18749e+01
    9.95562e+01
    7.12717e+01
    9.53875e+01
    1.20296e+02
    8.63938e+01
    9.37959e+01
    8.07965e+01
    7.88410e+01
    1.77660e+02
    9.04493e+01
    6.26943e+01
    7.87716e+01
    1.00265e+02
    1.01326e+02
    9.47340e+01
    8.29791e+01
    1.00685e+02
    6.93952e+01
    8.98477e+01
    7.16032e+01
    1.34194e+02
    1.22003e+02
    9.19772e+01
    1.21764e+02
    1.24174e+02
    8.43706e+01
    1.35603e+02
    6.00283e+01
    9.97156e+01
    9.10840e+01
    5.97859e+01
    9.04851e+01
    1.20390e+02
    9.90253e+01
    1.11506e+02
    7.72007e+01
    1.15220e+02
    6.64318e+01
    1.33765e+02
    1.75828e+02
    9.43129e+01
    8.06859e+01
    1.29570e+02
    8.32889e+01
    1.09960e+02
    4.90902e+01
    1.26941e+02
    9.26604e+01
    8.13475e+01
    1.47751e+02
    9.66651e+01
    1.07801e+02
    1.13339e+02
    1.17295e+02
    9.43173e+01
    1.14817e+02
    1.42854e+02
    1.27305e+02
    1.36976e+02
    1.02667e+02
    7.84613e+01
    1.49864e+02
    8.62636e+01
    8.51586e+01
    6.71162e+01
    1.20492e+02
    1.10578e+02
    8.21940e+01
    7.86792e+01
    9.28595e+01
    1.00285e+02
    9.60176e+01
    8.18140e+01
    1.14596e+02
    1.02659e+02
    5.52301e+01
    1.04531e+02
    1.32909e+02
    6.93132e+01
    1.32447e+02
    7.79943e+01
    8.39321e+01
    7.82817e+01
    6.34329e+01
    1.04605e+02
    1.08631e+02
    6.90896e+01
    1.05852e+02
    1.31412e+02
    7.17750e+01
    6.13389e+01
    1.24851e+02
    1.05577e+02
    9.02053e+01
    7.49642e+01
    8.92366e+01
    8.20302e+01
    1.07066e+02
    7.35373e+01
    1.36650e+02
    6.86515e+01
    8.82176e+01
    1.09378e+02
    6.92742e+01
    1.63205e+02
    9.32117e+01
    1.10721e+02
    6.60783e+01
    7.74199e+01
    6.11360e+01
    1.07613e+02
    8.36238e+01
    1.10143e+02
    7.58045e+01
    1.15296e+02
    1.43658e+02
    9.65002e+01
    1.06929e+02
    5.93926e+01
    1.02765e+02
    1.72365e+02
    1.25200e+02
    1.57025e+02
    1.13720e+02
    1.06849e+02
    9.99052e+01
    1.16687e+02
    7.42874e+01
    7.41432e+01
    8.82838e+01
    8.21387e+01
    1.24403e+02
    1.20649e+02
    9.74870e+01
    6.72034e+01
    1.24924e+02
    9.32382e+01
    1.05968e+02
    9.31258e+01
    1.19710e+02
    1.38723e+02
    8.01547e+01
    6.34271e+01
    8.56832e+01
    7.93147e+01
    1.18114e+02
    6.27845e+01
    9.57076e+01
    9.66877e+01
    1.05558e+02
    1.02437e+02
    1.21756e+02
    1.18823e+02
    1.07307e+02
    3.42221e+01
    1.20576e+02
    1.03006e+02
    1.47020e+02
    1.21088e+02
    1.46937e+02
    1.07415e+02
    1.09219e+02
    1.38980e+02
    1.02926e+02
    6.93905e+01
    1.39253e+02
    6.25866e+01
    1.08804e+02
    8.32769e+01
    8.47525e+01
    1.06462e+02
    8.69741e+01
    1.41916e+02
    7.13100e+01
    8.99034e+01
    1.01649e+02
    1.17202e+02
    1.11572e+02
    8.03883e+01
    1.01260e+02
    8.73080e+01
    1.03956e+02
    7.98175e+01
    6.06647e+01
    8.51900e+01
    7.58867e+01
    6.54313e+01
    7.22618e+01
    7.56668e+01
    1.33529e+02
    6.84268e+01
    1.30931e+02
    8.78118e+01
    9.38757e+01
    1.34750e+02
    7.55636e+01
    1.19745e+02
    6.35899e+01
    1.38841e+02
    1.12373e+02
    1.14301e+02
    8.29090e+01
    7.05221e+01
    1.12482e+02
    1.33515e+02
    1.56038e+02
    1.02681e+02
    1.09451e+02
    1.13330e+02
    1.14391e+02
    5.62781e+01
    9.54672e+01
    1.15631e+02
    8.54838e+01
    9.93862e+01
    1.05998e+02
    9.31212e+01
    1.21308e+02
    1.01531e+02
    9.10146e+01
    8.20008e+01
    8.93418e+01
    1.04349e+02
    1.19814e+02
    5.59571e+01
    9.84330e+01
    8.79958e+01
    6.81091e+01
    8.84340e+01
    9.51741e+01
    7.65931e+01
    7.82255e+01
    1.23714e+02
    9.74159e+01
    6.87994e+01
    1.33386e+02
    5.67796e+01
    1.00773e+02
    9.92222e+01
    8.80015e+01
    7.51165e+01
    1.12130e+02
    7.37683e+01
    8.59225e+01
    7.77970e+01
    1.04250e+02
    1.39216e+02
    9.92008e+01
    1.19458e+02
    7.87733e+01
    8.98890e+01
    1.18616e+02
    1.01426e+02
    1.14813e+02
    1.18469e+02
    7.94712e+01
    9.82617e+01
    1.27432e+02
    7.27955e+01
    6.24285e+01
    1.40907e+02
    5.96213e+01
    1.18238e+02
    9.58775e+01
    1.14659e+02
    1.16658e+02
    8.49557e+01
    4.65707e+01
    7.79297e+01
    9.25594e+01
    1.09213e+02
    1.36297e+02
    8.50490e+01
    9.40606e+01
    1.33022e+02
    1.17950e+02
    6.75635e+01
    9.55540e+01
    1.03463e+02
    1.07624e+02
    7.65207e+01
    1.01461e+02
    9.54861e+01
    6.50175e+01
    6.93556e+01
    1.34948e+02
    1.06209e+02
    8.59145e+01
    8.75450e+01
    7.95852e+01
    8.85041e+01
    9.06941e+01
    1.21475e+02
    1.06306e+02
    9.91329e+01
    1.44507e+02
    9.03053e+01
    9.38827e+01
    8.73798e+01
    1.01021e+02
    7.36873e+01
    9.79111e+01
    1.21977e+02
    6.26546e+01
    1.27074e+02
    1.51648e+02
    8.72767e+01
    5.69621e+01
    7.33161e+01
    9.30319e+01
    9.31324e+01
    9.72731e+01
    7.26359e+01
    1.36958e+02
    1.25131e+02
    8.47104e+01
    1.18626e+02
    1.25895e+02
    8.65250e+01
    1.15127e+02
    1.40235e+02
    6.19907e+01
    1.47889e+02
    9.10102e+01
    1.12374e+02
    1.03476e+02
    6.21080e+01
    8.48517e+01
    5.35821e+01
    1.14801e+02
    6.96985e+01
    1.23872e+02
    1.80343e+02
    1.79328e+02
    5.71466e+01
    1.06476e+02
    8.31233e+01
    1.37932e+02
    1.70620e+02
    8.28570e+01
    1.37608e+02
    1.16534e+02
    4.82090e+01
    7.35349e+01
    1.11969e+02
    9.77635e+01
    1.01505e+02
    8.46687e+01
    9.78057e+01
    1.15214e+02
    7.15106e+01
    1.34721e+02
    1.77533e+02
    4.74841e+01
    1.16058e+02
    7.32364e+01
    6.10430e+01
    8.96757e+01
    1.52904e+02
    7.42060e+01
    9.51653e+01
    7.32307e+01
    5.54812e+01
    1.01006e+02
    6.93367e+01
    1.00665e+02
    7.25115e+01
    1.03875e+02
    6.68553e+01
    1.28080e+02
    1.32910e+02
    1.11948e+02
    1.00474e+02
    1.13410e+02
    9.40349e+01
    1.52176e+02
    1.30418e+02
    1.02966e+02
    7.90127e+01
    1.16127e+02
    1.00401e+02
    1.19321e+02
    8.86359e+01
    1.04255e+02
    1.14934e+02
    7.69103e+01
    1.22831e+02
    1.09051e+02
    1.18997e+02
    1.14914e+02
    1.45022e+02
    5.87977e+01
    7.05733e+01
    1.44354e+02
    7.53335e+01
    9.49307e+01
    1.43989e+02
    1.05287e+02
    8.67074e+01
    1.04590e+02
    7.60447e+01
    1.01760e+02
    9.73239e+01
    7.61897e+01
    1.05772e+02
    9.22698e+01
    9.25384e+01
    6.77804e+01
    1.17016e+02
    1.12934e+02
    1.13625e+02
    8.98206e+01
    1.29326e+02
    8.13080e+01
    1.14035e+02
    1.10505e+02
    9.89135e+01
    6.94540e+01
    1.16328e+02
    1.16019e+02
    1.07426e+02
    6.80075e+01
    1.02409e+02
    9.00069e+01
    1.28376e+02
    9.52203e+01
    8.65427e+01
    1.02858e+02
    9.09932e+01
    1.22103e+02
    5.42637e+01
    9.70290e+01
    1.26674e+02
    1.20276e+02
    7.67029e+01
    9.56066e+01
    6.40314e+01
    7.06735e+01
    1.06106e+02
    1.30385e+02
    1.00251e+02
    9.38323e+01
    7.26958e+01
