    7.49299e+01
    8.37867e+01
    8.18749e+01
    1.08588e+02
    1.26898e+02
    1.00461e+02
    8.94961e+01
    9.49830e+01
    9.03118e+01
    6.30277e+01
    7.05684e+01
    9.48389e+01
    1.11395e+02
    7.95860e+01
    1.29602e+02
    8.41970e+01
    1.18050e+02
    1.09045e+02
    9.02708e+01
    1.03284e+02
    1.19058e+02
    1.09953e+02
    1.61819e+02
    1.21003e+02
    1.07346e+02
    1.40069e+02
    8.51171e+01
    9.67043e+01
    6.69727e+01
    1.03500e+02
    1.17088e+02
    5.69772e+01
    1.07801e+02
    9.85612e+01
    1.20718e+02
    8.50425e+01
    1.45132e+02
    1.32552e+02
    9.59091e+01
    1.43590e+02
    7.97940e+01
    1.26307e+02
    8.35367e+01
    6.81084e+01
    1.00802e+02
    9.60517e+01
    9.66141e+01
    1.76817e+02
    1.39967e+02
    1.54707e+02
    1.08905e+02
    7.29868e+01
    8.92250e+01
    1.19797e+02
    1.29080e+02
    1.04448e+02
    8.10295e+01
    6.30964e+01
    1.16804e+02
    1.04989e+02
    4.63802e+01
    1.06945e+02
    9.07753e+01
    1.09945e+02
    9.23657e+01
    1.40292e+02
    1.82918e+02
    8.01820e+01
    1.12272e+02
    1.43414e+02
    1.09643e+02
    8.09514e+01
    1.06763e+02
    8.76504e+01
    1.38487e+02
    9.45525e+01
    7.61105e+01
    9.68594e+01
    1.01755e+02
    8.89538e+01
    1.06890e+02
    1.33099e+02
    9.63368e+01
    1.68956e+02
    8.84545e+01
    7.43347e+01
    1.42653e+02
    1.31831e+02
    9.22861e+01
    8.67313e+01
    6.50688e+01
    9.62183e+01
    1.11316e+02
    1.01485e+02
    9.68668e+01
    1.04911e+02
    9.99680e+01
    1.19423e+02
    1.05916e+02
    1.04101e+02
    8.24446e+01
    1.14186e+02
    1.10296e+02
    1.13761e+02
    1.07723e+02
    1.02521e+02
    6.94284e+01
    1.00788e+02
    1.01670e+02
    9.71060e+01
    8.30837e+01
    1.00589e+02
    7.33533e+01
    1.18246e+02
    1.26894e+02
    1.33960e+02
    1.31690e+02
    1.05099e+02
    8.62936e+01
    8.06252e+01
    1.39142e+02
    7.04479e+01
    6.18682e+01
    1.37800e+02
    1.44895e+02
    1.00526e+02
    8.50249e+01
    1.16779e+02
    8.48780e+01
    8.30875e+01
    8.00483e+01
    7.37709e+01
    8.99181e+01
    8.76670e+01
    1.26659e+02
    6.95569e+01
    3.46310e+01
    1.28151e+02
    8.08729e+01
    5.93922e+01
    6.90738e+01
    7.23932e+01
    1.10478e+02
    8.61047e+01
    1.40238e+02
    5.88395e+01
    7.59391e+01
    9.76518e+01
    1.06233e+02
    9.02284e+01
    1.28187e+02
    1.00022e+02
    1.33872e+02
    1.24180e+02
    1.02920e+02
    1.24285e+02
    5.76031e+01
    1.00762e+02
    8.51769e+01
    1.05633e+02
    8.93382e+01
    9.31414e+01
    1.08564e+02
    1.46556e+02
    1.05218e+02
    7.65651e+01
    9.96925e+01
    9.12311e+01
    1.36276e+02
    5.29553e+01
    1.40167e+02
    9.02121e+01
    1.00739e+02
    8.55838e+01
    1.23860e+02
    9.96692e+01
    1.32229e+02
    1.01656e+02
    4.31837e+01
    1.00077e+02
    1.12811e+02
    8.69191e+01
    8.49692e+01
    8.58560e+01
    1.23259e+02
    9.85886e+01
    9.51278e+01
    1.02354e+02
    8.42006e+01
    7.13189e+01
    1.50552e+02
    8.36243e+01
    1.01251e+02
    1.32094e+02
    9.69540e+01
    1.32277e+02
    1.01945e+02
    1.21025e+02
    1.12029e+02
    7.88415e+01
    8.38410e+01
    1.12322e+02
    1.23845e+02
    1.03201e+02
    6.80462e+01
    1.01175e+02
    8.25875e+01
    1.63844e+02
    1.21019e+02
    8.68692e+01
    1.12506e+02
    5.03844e+01
    1.25456e+02
    9.70868e+01
    7.65995e+01
    9.48293e+01
    7.70567e+01
    1.28569e+02
    7.98423e+01
    6.74843e+01
    1.00375e+02
    1.07871e+02
    7.76866e+01
    4.66279e+01
    1.07384e+02
    7.21572e+01
    1.10230e+02
    6.11191e+01
    7.68043e+01
    1.23455e+02
    1.32786e+02
    9.57971e+01
    9.47116e+01
    1.21315e+02
    7.75680e+01
    9.62917e+01
    7.33078e+01
    1.09447e+02
    1.37781e+02
    1.09904e+02
    7.54917e+01
    1.16741e+02
    8.65104e+01
    9.26055e+01
    8.66102e+01
    1.49955e+02
    1.70302e+02
    1.05842e+02
    8.43423e+01
    6.87798e+01
    1.43253e+02
    9.13076e+01
    7.38544e+01
    6.38105e+01
    1.16878e+02
    1.04860e+02
    1.12891e+02
    1.40723e+02
    8.40288e+01
    7.66446e+01
    6.86428e+01
    9.28839e+01
    9.58047e+01
    8.82332e+01
    1.36593e+02
    6.67588e+01
    1.09879e+02
    9.38642e+01
    8.94648e+01
    8.09030e+01
    1.04806e+02
    8.25109e+01
    1.40536e+02
    1.17282e+02
    8.68954e+01
    1.22475e+02
    7.04098e+01
    7.34783e+01
    9.61998e+01
    6.59693e+01
    1.42100e+02
    7.33277e+01
    7.81778e+01
    1.26948e+02
    1.04683e+02
    8.06439e+01
    8.10360e+01
    1.08365e+02
    1.01381e+02
    7.65113e+01
    5.58312e+01
    8.93719e+01
    9.82629e+01
    9.76724e+01
    1.22935e+02
    1.70015e+02
    8.17599e+01
    1.01842e+02
    8.18022e+01
    8.59264e+01
    1.44341e+02
    9.99525e+01
    1.64651e+02
    6.60023e+01
    5.81706e+01
    4.79675e+01
    1.20133e+02
    8.26270e+01
    5.36768e+01
    1.35952e+02
    1.18741e+02
    8.68441e+01
    1.07245e+02
    1.09475e+02
    9.67122e+01
    9.69043e+01
    7.77750e+01
    1.20953e+02
    1.06693e+02
    8.72359e+01
    9.36996e+01
    6.01040e+01
    8.28515e+01
    1.04936e+02
    8.33922e+01
    1.06764e+02
    1.08054e+02
    1.13287e+02
    7.97638e+01
    7.50696e+01
    1.10815e+02
    1.04790e+02
    1.63158e+02
    7.53231e+01
    1.25815e+02
    1.06966e+02
    8.47735e+01
    8.54335e+01
    1.24114e+02
    1.10468e+02
    7.59721e+01
    1.11115e+02
    8.11412e+01
    1.23241e+02
    1.58001e+02
    5.70736e+01
    7.95416e+01
    1.24854e+02
    1.42189e+02
    9.30652e+01
    8.09603e+01
    1.41516e+02
    1.14243e+02
    1.15452e+02
    5.91488e+01
    6.31493e+01
    6.79428e+01
    8.84093e+01
    1.24265e+02
    1.04990e+02
    1.59493e+02
    4.92571e+01
    1.40606e+02
    1.10935e+02
    8.43674e+01
    1.11406e+02
    9.98420e+01
    1.16448e+02
    3.80691e+01
    9.91757e+01
    5.50982e+01
    1.10200e+02
    8.24909e+01
    7.62621e+01
    1.34532e+02
    1.61748e+02
    1.05889e+02
    5.24743e+01
    1.35150e+02
    8.00696e+01
    1.17266e+02
    6.12107e+01
    8.67600e+01
    1.32889e+02
    8.30175e+01
    9.26705e+01
    8.21244e+01
    7.16498e+01
    4.70817e+01
    1.11197e+02
    1.33454e+02
    4.63906e+01
    1.20877e+02
    1.24095e+02
    1.40432e+02
    1.17941e+02
    9.31079e+01
    9.62950e+01
    6.68628e+01
    1.12272e+02
    1.15093e+02
    8.60228e+01
    1.12728e+02
    1.13360e+02
    1.14382e+02
    1.21543e+02
    6.96020e+01
    8.90677e+01
    1.31091e+02
    1.33860e+02
    1.14040e+02
    1.30821e+02
    9.92283e+01
    6.68744e+01
    1.79861e+02
    8.07958e+01
    1.09124e+02
    7.04719e+01
    1.04965e+02
    9.83168e+01
    6.05091e+01
    1.01223e+02
    1.03052e+02
    7.29030e+01
    7.95513e+01
    1.02942e+02
    8.66089e+01
    1.09336e+02
    1.19852e+02
    1.07601e+02
    1.45967e+02
    1.39223e+02
    7.48558e+01
    1.09093e+02
    8.26491e+01
    1.13331e+02
    9.01483e+01
    1.37783e+02
    1.22087e+02
    1.03947e+02
    7.14386e+01
    1.09038e+02
    1.02846e+02
    1.05513e+02
    9.91955e+01
    7.13793e+01
    1.13945e+02
    9.89533e+01
    1.36556e+02
    9.97333e+01
    1.24411e+02
    5.99189e+01
    1.18235e+02
    8.95860e+01
    9.37990e+01
    1.52685e+02
    1.35794e+02
    9.10605e+01
    9.02120e+01
    9.23459e+01
    1.32792e+02
    9.46434e+01
    9.63515e+01
    7.32874e+01
    9.52937e+01
    6.04947e+01
    6.49472e+01
    1.03523e+02
    1.07771e+02
    1.12021e+02
    7.44654e+01
    9.62081e+01
    1.48922e+02
    8.48502e+01
    1.30075e+02
    1.07428e+02
    7.73933e+01
    1.08900e+02
    7.21075e+01
    9.70928e+01
    1.00490e+02
    7.69230e+01
    1.04502e+02
    8.96990e+01
    1.14075e+02
    1.38292e+02
    1.05517e+02
    8.77336e+01
    7.29705e+01
    9.35495e+01
    9.52689e+01
    1.27775e+02
    5.72829e+01
    1.20984e+02
    1.01352e+02
    1.70766e+02
    8.68300e+01
    1.09093e+02
    1.31270e+02
    1.07038e+02
    6.75811e+01
    1.42260e+02
    1.03741e+02
    8.07712e+01
    1.29450e+02
    7.69866e+01
    8.60818e+01
    1.06668e+02
    9.27502e+01
    1.07439e+02
    1.31317e+02
    1.19759e+02
    1.00020e+02
    1.12986e+02
    1.55399e+02
    1.14526e+02
    1.30681e+02
    8.21203e+01
    8.71382e+01
    1.12975e+02
    1.04086e+02
    6.18731e+01
    9.30111e+01
    3.06610e+01
    9.65080e+01
    9.89490e+01
    6.44951e+01
    9.98289e+01
    1.30545e+02
    9.02656e+01
    1.28728e+02
    7.37753e+01
    1.02592e+02
    1.02782e+02
    8.65814e+01
    8.25559e+01
    1.02522e+02
    1.05272e+02
    1.27175e+02
    9.84562e+01
    9.95431e+01
    1.35201e+02
    1.07780e+02
    3.85699e+01
    1.32751e+02
    9.49651e+01
    1.31103e+02
    1.24142e+02
    8.92370e+01
    6.70471e+01
    1.22938e+02
    8.36353e+01
    1.23930e+02
    1.16184e+02
    1.04746e+02
    6.79802e+01
    7.96588e+01
    7.51625e+01
    9.72124e+01
    9.95333e+01
    6.33019e+01
    8.84703e+01
    1.08409e+02
    1.12019e+02
    6.78852e+01
    7.15005e+01
    9.82715e+01
    1.38876e+02
    1.11216e+02
    7.23627e+01
    1.40978e+02
    4.49694e+01
    1.10814e+02
    1.00889e+02
    7.28545e+01
    1.77918e+02
    1.00129e+02
    7.73506e+01
    9.22450e+01
    8.44899e+01
    8.73089e+01
    1.08376e+02
    9.44818e+01
    7.81373e+01
    1.18756e+02
    1.42298e+02
    7.68501e+01
    6.18798e+01
    7.47781e+01
    1.35934e+02
    8.03049e+01
    1.00086e+02
    1.21534e+02
    1.53182e+02
    9.79391e+01
    7.98670e+01
    1.08561e+02
    8.01857e+01
    8.11896e+01
    1.03410e+02
    1.11885e+02
    1.28881e+02
    1.13422e+02
    6.59161e+01
    1.65839e+02
    6.77674e+01
    1.07475e+02
    7.08727e+01
    4.43270e+01
    8.07713e+01
    8.00428e+01
    2.23640e+02
    1.46560e+02
    1.00935e+02
    1.26672e+02
    1.12142e+02
    1.22282e+02
    1.01155e+02
    1.26346e+02
    1.47215e+02
    1.07320e+02
    1.23927e+02
    9.77748e+01
    6.51918e+01
    6.33376e+01
    8.96194e+01
    7.87982e+01
    1.30220e+02
    1.25957e+02
    4.79472e+01
    1.22806e+02
    1.53473e+02
    1.00180e+02
    7.37671e+01
    1.01629e+02
    7.40360e+01
    9.05374e+01
    8.91436e+01
    6.88963e+01
    1.00104e+02
    6.76595e+01
    8.25534e+01
    8.76158e+01
    6.20532e+01
    1.02381e+02
    7.60263e+01
    1.41443e+02
    1.40878e+02
    1.09592e+02
    7.91028e+01
    5.77249e+01
    4.79930e+01
    9.54202e+01
    9.57424e+01
    8.86448e+01
    1.23555e+02
    1.18062e+02
    1.35558e+02
    1.18428e+02
    7.46507e+01
    1.05890e+02
    1.42351e+02
    7.34554e+01
    1.04124e+02
    1.30656e+02
    1.50149e+02
    7.97009e+01
    1.18332e+02
    9.43382e+01
    1.02253e+02
    9.48650e+01
    9.00705e+01
    9.30211e+01
    1.03205e+02
    1.03966e+02
    1.11776e+02
    1.05296e+02
    1.03165e+02
    6.60413e+01
    4.00318e+01
    1.35254e+02
    5.87785e+01
    1.08008e+02
    1.21141e+02
    1.08579e+02
    1.15921e+02
    1.27031e+02
    1.15938e+02
    1.02232e+02
    1.08479e+02
    1.17225e+02
    1.39387e+02
    1.09808e+02
    9.22549e+01
    1.13561e+02
    9.94072e+01
    7.40202e+01
    5.72208e+01
    1.28838e+02
    8.88544e+01
    6.50297e+01
    1.01256e+02
    1.07292e+02
    9.80661e+01
    1.07163e+02
    1.36921e+02
    9.36676e+01
    8.18782e+01
    1.07989e+02
    1.02501e+02
    1.32514e+02
    8.91660e+01
    1.24550e+02
    1.04597e+02
    6.94512e+01
    1.11085e+02
    1.23022e+02
    1.30091e+02
    8.67656e+01
    1.13045e+02
    9.68072e+01
    1.18747e+02
    1.10732e+02
    1.22976e+02
    8.89233e+01
    8.01471e+01
    8.93955e+01
    7.56862e+01
    1.23325e+02
    9.97059e+01
    8.37720e+01
    1.18576e+02
    1.06945e+02
    6.23818e+01
    8.05434e+01
    1.05661e+02
    1.50308e+02
    8.28816e+01
    8.52871e+01
    1.16809e+02
    1.13058e+02
    7.52396e+01
    8.56265e+01
    6.03731e+01
    7.51420e+01
    5.08634e+01
    6.74428e+01
    6.20980e+01
    1.14087e+02
    1.15470e+02
    1.08903e+02
    1.04062e+02
    1.00719e+02
    8.85050e+01
    1.45303e+02
    7.47921e+01
    9.36888e+01
    9.67272e+01
    9.11140e+01
    8.66357e+01
    1.44597e+02
    7.76108e+01
    1.29809e+02
    7.90249e+01
    1.39932e+02
    1.11808e+02
    7.26525e+01
    1.51783e+02
    1.21289e+02
    1.01016e+02
    4.41289e+01
    5.97362e+01
    8.95232e+01
    7.80646e+01
    1.09891e+02
    9.65476e+01
    7.95462e+01
    8.71751e+01
    1.29070e+02
    1.15234e+02
    9.95748e+01
    6.90319e+01
    1.24188e+02
    1.22227e+02
    7.97395e+01
    5.12649e+01
    8.17495e+01
    4.62812e+01
    1.49663e+02
    8.23358e+01
    1.02506e+02
    8.95508e+01
    8.79658e+01
    9.02104e+01
    9.01480e+01
    1.05850e+02
    9.20265e+01
    1.31099e+02
    5.99156e+01
    1.00146e+02
    8.96236e+01
    1.99262e+02
    1.09825e+02
    1.03763e+02
    8.79216e+01
    8.92148e+01
    1.20884e+02
    8.16434e+01
    1.07240e+02
    7.92225e+01
    9.86305e+01
    6.08995e+01
    9.09092e+01
    1.29419e+02
    1.43545e+02
    7.78822e+01
    1.51189e+02
    6.45963e+01
    1.30942e+02
    1.18773e+02
    1.00725e+02
    9.43786e+01
    7.39910e+01
    5.06249e+01
    9.80817e+01
    8.98713e+01
    1.03243e+02
    8.48012e+01
    8.59027e+01
    1.14765e+02
    4.59342e+01
    6.04213e+01
    1.30816e+02
    1.16699e+02
    1.41827e+02
    5.98972e+01
    1.29702e+02
    1.00569e+02
    1.34166e+02
    1.02690e+02
    1.08953e+02
    9.47321e+01
    8.62758e+01
    7.74110e+01
    7.39731e+01
    6.91724e+01
    9.72092e+01
    1.09985e+02
    1.02753e+02
    7.85024e+01
    7.64116e+01
    7.07748e+01
    1.10440e+02
    8.34449e+01
    1.04119e+02
    1.35480e+02
    1.15724e+02
    9.61200e+01
    9.68496e+01
    1.05631e+02
    1.08944e+02
    1.21453e+02
    1.21610e+02
    6.87662e+01
    7.27767e+01
    1.29799e+02
    9.76859e+01
    7.03480e+01
    8.48614e+01
    9.07821e+01
    1.07337e+02
    1.01103e+02
    1.12586e+02
    5.28886e+01
    1.87933e+02
    8.75118e+01
    1.00110e+02
    1.29713e+02
    1.20054e+02
    9.44346e+01
    8.66656e+01
    8.94927e+01
    6.16153e+01
    1.05605e+02
    6.69333e+01
    1.00421e+02
    7.77325e+01
    1.39518e+02
    1.20216e+02
    8.12207e+01
    1.03083e+02
    1.07012e+02
    1.44409e+02
    1.14002e+02
    1.12780e+02
    1.07660e+02
    9.66115e+01
    1.07797e+02
    1.44496e+02
    1.04282e+02
    8.47803e+01
    8.09256e+01
    9.09128e+01
    7.90630e+01
    6.61038e+01
    1.52564e+02
    1.54147e+02
    7.66689e+01
    9.78415e+01
    1.12239e+02
    1.08482e+02
    2.58873e+01
    1.61259e+02
    7.38422e+01
    8.01461e+01
    8.70428e+01
    9.06118e+01
    1.36024e+02
    9.10108e+01
    8.10340e+01
    8.16276e+01
    6.66921e+01
    6.55095e+01
    8.39425e+01
    1.07923e+02
    1.28449e+02
    1.14513e+02
    8.90110e+01
    1.23747e+02
    8.88163e+01
    1.12823e+02
    1.15193e+02
    1.07865e+02
    1.29451e+02
    1.17197e+02
    7.89751e+01
    1.39585e+02
    1.29696e+02
    8.39524e+01
    1.08203e+02
    8.68699e+01
    1.02595e+02
    1.00654e+02
    1.36696e+02
    1.78091e+02
    1.16822e+02
    7.84925e+01
    9.88853e+01
    9.16588e+01
    1.21072e+02
    8.46344e+01
    8.02219e+01
    4.85294e+01
    8.35855e+01
    1.11051e+02
    8.53671e+01
    1.08356e+02
    1.07222e+02
    1.43011e+02
    1.17637e+02
    9.02984e+01
    1.39550e+02
    9.03220e+01
    1.19198e+02
    1.07418e+02
    6.26909e+01
    7.35915e+01
    1.04701e+02
    6.78389e+01
    5.65519e+01
    9.58682e+01
    7.60307e+01
    9.48536e+01
    9.13533e+01
    9.88057e+01
    9.68380e+01
    1.20306e+02
    1.25506e+02
    1.06944e+02
    6.98437e+01
    9.34505e+01
    9.76252e+01
    1.34598e+02
    1.23579e+02
    1.05873e+02
    1.15938e+02
    7.72506e+01
    8.15996e+01
    9.71317e+01
    7.19713e+01
    1.23985e+02
    5.72038e+01
    7.45275e+01
    1.35329e+02
    1.26208e+02
    1.28184e+02
    7.38430e+01
    1.54822e+02
    8.56895e+01
    8.22297e+01
